10

15

20

30

188 INSTRUCTIO PIE VIVENDI

38115 11131011, 38115 6111 11161111 11611111 33115 13133111 ona fhiadhnaisi,
011 1361131(1 116311111 38115 131311111 31 116311111-111(1111 111 13 5111. Α8115
(10 051111863ἀο 113 163011311 .i. eogus gach 36111 35 3 101135 3(11101131
311 011161111631111111315. Do 11-051316631111 163011311 113 0631113 .i.
Criosd, 38115 8606 1163611 (10 (1116113 113 11-010118111111 113611 1111811111631
31111, euirfidhthear 3 10611 16111631111 6 ,1. 3 pein 1-5111113111 11111111.
Α8115 311611 3010111115, 15 6 311 13 5111 13 113 161181 38115 13 113 111011101111
38115 111 3111110113111(1, 38115 13 311 11016113(1315, 38115 13 113 1161
1111311118111111 38115 113 601110113111116311111, 38115 13 511116 316113111811,
38115 13 311 81131311 38115 311 1101111118111111, 38115 13 113 61101112 38115
311 361111111353111 ro-chruaidh, 38115 13 113 11138113 8311 611611.
Βο111111111111631 11111 (5631)3 113 0636111360 311 13 5111 11131 01116311135
(10-61101(11630113 38115 111 11163(13 3 11-ό1 113 3 11-3118611 3 536131111
311 13 5111 3 11-3811311111 161181 311 Τ1811631113. (311130 3116 5111 311611
6168011, 15 6011 3 11111635 60 635311111311 311 111116111 (10 611111311113086
38115 5631011315 011154 31 610111111011 113 111131116 11(11-111110113 111 13
5111, 10111135 1136115 61(111 161183 113 131511615 113 10111511181131111 1301131118
110 61111111 38115 (10 8113011311111 113 0636111361] 311 13 5111. Cuimhnigh
an 13 5111, maseadh, 60 8631 3 serbhdhacht bhur 610111111. Gebe
ni 313 110111 110-1111113118 311 13 50, 06111 56 6311110111 50-10111611311
383 61101111131311 61111111 311 136 5111. Bith 3 (1116111111111 38311 83611
1116111 01165 11’6813 13 0161111631111111315 3011115, 60130 1 311 1111161(16
01165 3 11111115 111311 .......... Μ35631111 15 601131611 83611
1163611 111161815 113 11611116 50 60 1611 31 813(111 131113, 38115 01165
383 01116111163111111135 16111 11131116 115 113 1131111011 101116 3 106111
113 11-311181(1116361113 3 la na 01611111, 38115 061111 56 31111 56111 11131116
16 1116111 113 108113 31 (1615 13111111 3 Τ111811631113 16111.

DE PENIS INFERNI .i. DO PHEIN IFRINN.

Oir is⁷ 6ό11 3(111111113111111113136111 roimpe sin, 11311 15 1 do
h-ullmhughadh don Diabhal 38115 (10113 1131111011 (111311131113.
Α11611 311 Τ1811631113 31 311 3(11101131 5111, 611811111, 3 1111311131113.
15 111 161111811 511111113111 (10 11-111111111118113(111 11011 1)1301131 60113

¹ Μ5. 1163111111111

² Μ5. eriath

⁸ Μ5. Τ1115 column 15 very indistinct and, 111 many cases, conjectural
readings, based upon the L. T.‚ are given.

⁴ Μ5. 0111115 01115.

⁶ Ms. omits nach.

ὃ Μ5. 0111115 130113111.

⁷ Μ5. 35

