10

20

30

35

222 INSTRUCTIO PIE VIVENDI

3805 00130 0 0010100180035 0300 01 131051(101 3805 003100-
fhaicsidhi.1 Α805 01 0-31 3 1130013035 3 1035 10111 (10 0010100180
50 300 ni, 3001 312 103100ᾶο3001 03 01031311000 10350013. (30130
3110 sin 10101031 80130 00 31 13100(10300100 (10 0010100180
50 ann so, 3805 nach he 3 1031011(103001 101οῑ 3805 15 355 50
(10 10011151811 50 0 1010 (10 000110 10-0000103001300 11011110-
0503(10300. Bith 3 dheimhin agad 15 10 311103031 50 nach rainic
se 3 1035 10 duine 3 0-3110511 3 001010018111110, 011 (13 1181010, ni
bhudh (101115 3 13ᾶο co mbeith 50 830 0503010. Maseadh‚ 0
(10 00101001811 50 in duine 31 813(1113 31(10180101 11101110 (10100010
3805 11311110311100315 Dhe do 103003111 (10, (111801ᾰο 30 (101110
3 8013(10530 (10 0110110 3181 05 cind 3 30013 3805 3 0001110 3805
3 000101011οῑ (13 1011 510 31(131801011 50 10 10001500 301000131031
00 0-1008301300, 15 101135 35 03 00110100 50 80130 311 ar
5003111031Πο (10 100011 50 3805 03011 00 3 5000310031 sein. Tuic
30015 00 ro-fhoirfi 00 1011 (10 000100131ῃο 1031100353 Dhia 3805
nach eidir 10083 03 103135000311 (10 103003111 01111 15 03
01031011100. Μ3503(10, 15 1001 3805 15 001010-101110010300 10
310800101Πο dona 11-0111011 13118510 do 103(10311, 03 (10 10010510,
10311110353 Βο13. Α(13180 3805 1010 (13 1011 510 10 1010 (10 000110
3103(1 0010100803ᾱο idir 113 01031011100 313 (1108100313
(1’10381100311 03 810110 501113100 3805 5111030111 0110113100 Dhia,
3805 00 01310 03 01 101-01101010003011 31 03 01311110353100 01013
50 (10 11-0111000803(111 duit, 30111 31111115 3805 111015 0131110 10
001(1003011315 003 83011 131 113 00103011103003 8130113003 50 (10
01101103(10 011. An (1313 modh: 1113 13 30 mheide 5111 (10
10031100353100 383(1 chead 0010100803ὀο ........ 3805 15
mor 3805 15 1010130 03 01311003531011 15 in ath-Chmthughadh,
011 01 (1003103 50 (10 50301031 15 in eead-chruthughadh 30111
3 13(10, 801 01101110 83011 ni, 3805 (10 111100 50 001100 1008301100
00310013 3805 (10 10013108 50 1101100 (10-0150030013 1111-(10108100313
agad ath-chruthughadhsa, 03 mheid in 001010030035 (10 (100031151
(10 31 5011 8300 0010083011 3805 8300 (1011800353 3805 8300 peine
31 10013108 50 (101 50131108113(1οΡ An treas mhodh: ciondas
103(13011 50 10311015 15 mo do 1038000311 03 (10 10010510 (101151
03 80100 311 (6232) 1015 (10 0010100803ᾶο dona (1310100 (10
000110 383 3(1013(10 sein, 011 (13 08010011 10 1(111 03 0383030113100

¹ Ms. neamhaicsidhi
² Ms. 313

