10

20

25

30

35

ET SUPERNA MEDITANDI 1 79

(1131(1301111 manndala in tan do bheannuigh se in 1-31311 38 breith
buidheachais ar an Athair, 38115 (10 1111115 0 38115 1110 (13 (1110150111111
38115 3111011 1111, 83111131(111 38115 0311111(111 uile de so, oir 15 (10111111111
0111311 0 50 1110 ehorpsa. Α8115 (10 811130 111 01131115 1311311111 38115
3(111011 131 031111111111, 831111310111 38115 111111(111 (11 50, 011 15 1 50 00
(10111111111 031115 113 Τ10111113 Ν113 1113 11-1(11111311031 111’111111151 131
11111 00311(1. Ν11 11ιέ3ᾶ 3011 1103011 (13 13111111 3 113(111113151 311
0311111111102 5111 1103813 iomchubhaidh do 111311113111 31 311 1103011
(10 111131131811 38115 (10 0111111 3 01111111311113111, 031 110 50 3(1011
111, 011 111 1113101111 31111 50 30111 31311 38115 fin, 38115 3(1011113 15
0 50 (10 ehorp 10111 (10 111101111 31111 1(111 11111 38115 10011.) Do
chreideadar 113 11-3ρ5101 00 1111111103011 3 ehorp (10 111101111 31111
11131 3(11111113111 50 10111, 38115 01511(111 113 11-311011101(1111111811 11131110
10 113110 111 001111113(111 50, 11311 0111111131111311318111ᾶ 513(1 5301311111111
113 11-311013 31 5011 113011 13101(111 (11 30111 1011111 111 313111 38115 111
1111113, 810111 03(111 (10 11111 115 31 11-31113111(10 38115 31 118131110 38115
1-50301113111 31 11-111(11111110 38 1114 Dia, 1011(135 113 budh 01(111
1111(1 11111 38115 10011 0011 (10 01131111111111, 0111311 3110 5111 (10 0111300111111811
50 111 1-5301311111111 11101-11131811 50 3 11-31311 38115 3 fin do 03011 31
5011 001113(111 01(111 100 3 031111111111 8311 311111111111135, 8311
3(111111113111111113130111. Β1(111 3 (1110111111111 3831 311015 011131111101110111
8311 01111111311113111 corp Chriosd, 0111 11111 38115 1110011, (10 111101111
3 13111111 111 1-5303111 11131 111311110 50 3 mbroind 113 11-018111, 38115
11131 (10 111101111 50 15 111 0101011 01103513 31 0011111111113(111 83011 1101111
(11111 1110101113, 38115 3 0011111131ηο 810111 38115 01111111301113 11131 (10
11111 38115 313 maille 115 111 Α11131 neamhdha. Do idhbair 50
110 10111 (1011 Α111311, 8311 11311 8311 531 31 311011 113 01010111 31110 111
01103513, 31 11(1011311111 5303111 38115 051108 (10 (10 1011 01(11111313
Μ1101011150010011 31 503111 51113113181111115 111 (10111113111. Τ110 50 111
1-53013111111116 50 (13 (11101501111111 10111 38115 (10 11111131] 3 (1011311111
38115 3 gnathughadh 3 0011111311113 0111111111118111111 3 pheine 38115
3 11113151 10111. Α8115 (10 choimhlinadarsan hi co (1111111301113011
1011(11310, 38115 (1’31111111(131 (13 11-01811111111 3 (1011311111 11131 311
003(1113 (10 011011111111113(111 51311111 113 1111100 38115 113 111311111. Gurab
aire 5111 3111011 311 t—apstol, 080 3 Domino accepi quod 01 113(11(11
vobis .i. is 011 Τ1811031113 (10 8113111135 111 111 111035 (131111151, 11311

² Ms. diardain manndal ⁴ Ms. inn : but read a gcinn Dia ?
² Ms. caiti ⁵ Μ5. shlanaigi
⁸ Μ5. 3.(1011150 ⁶ Ms. stacramaint

