Io

.25

30

35

ET SUPERNA MEDITANDI . 207

50, 15 111151 111 00011 0110001 11031110-000113100 00 pheaeaigh anns
311 31111511 11315311, 3915 15 111 101130, 3915 15 311 11311 511111113003011,
3915 115 113 pairtighibh so d’airithi. Α915 15 1110 do rinno gach
uile thimchill aindligheach chum an pheaeaidh, ag cathughadh
3 n-aghaidh mu Thighearna throcairigh 10100 inmhuin 1110.
Α915 do pheacuigheas 11131 50 35 gach uile 00311 3915 0003013011
11103551 031110, aThighearna, 3’ 0111 003103 31 aghaidh sein 30
smuaintiughadh 00 0111103111 0111150311111311 030111 0300003, 3915
30 001131110 01315 3915 01111315 3915 10119 3915 531111111 3915 113
11-11111 10001, 3915 30 01150300 1311000300, 3915 30 cardughadh
no 30 03111300 gach 111100, 3915 15 11111111 5111 15 1113100 00 0030035
3915 15 1110 00 ghabhas gairdiughadh, 3915 do 5011103011 10111
51111110 30001131 90303100 (5901) 3915 03011 3110111113100,1 3915
do 01130035 00 10-111011110 30 1113103011 bais m’anma 10111 11111111.
Α915 do 01511110 10111 011111353100 002 11111110 311001113οΙ1 3915
311015 3915 11111111131 3915 0111110030113 3915 03051300 3915
................ 3915 500313 001111031Πο 3915 13101113,
3915 00 00111 3 115 aga 11-31111115 30 0011311111 00303100 3915
0101031015. Do bhi 1011 3915 531111 3111 00101001 31 1101101011
dheagh-bhalaid d'fhaghbhass 1110 311 510111, 3915 31 0130031011
dheagh-bhalaid 3915 31 000311030111 ’1110 111 111001 3915 1110 311
1011313100, 3915 sanntaighim 0130113 111031100 3915 00031103001
3915 11113011 οΧ31110311 3915 311010110011 3915 01011135 3915 ferg
3915 01100300, 1011035 0111 110001111ςο035 0115 003 11111110 0001111111
111’3111113 10111. ssim 105 30 0311011110 3915 ag ibhi 10111111 311 11311·
1100ςο0300 3915 01111 00 031310ςο3011 3915 00 01305300 3915 00
11-101113101300, 3915 1111011 50 00113 0051111131Ιο 004 0101191035
galas 3915 035 cuirp 3915 3111113 00 11111110, Trid 113 1311103100,
101110110, (10 0101191035 010 3915 11131115 3915 0011111311113003
0111-11100113 3915 3 00511103110, 110 11119111 gortughadh m’anma
10111. Τ110 113 00531011, 13131110, 00 t-shanntaigheas 3553111
chumhgach 3915 1101100 0010391003, 3915 1110 10111 01113100
00-1003000150 maille 10 010111315 do-sgailti 3915 30 1011111113111
500ςο0300 530011 3915 companaieh 1113111503011. D05 pheacuigh
1110 31110 50111 0 ehorp uile, 30 001131110 101501 3915 0111111311115
3915 1110 1110111 10111 3915 0000130113 3915 1101100 00111131000 010
3915 3 0051003110, 3915 111 1111111 011111113003111 300111 1110111 50

1 Ms. 311111111111131011 ² Μ5. comminie ³ Ms. omits co.
⁴ Ms. da ⁵ Μ5. 0111115 do pheacuigh.

