10

20

25

30

116 INSTRUCTIO PIE VIVENDI

vinci 3 malo, sed vince in bono malum .i. 03 01311031 111 3 0-010,
30111 0131(11151 111 1-010 311115 3111 10311οῑ 01 15 1 10 111018111(11 01001
013111 is 1131511 3011, 31 5011 0010110 in ti fhuilngheas 15 10311
011131(111035, 38115 madh 311 101 0131 (10 (111030111011 31 003011, 108111111111
11113118 31 tus. Gurob aire sin nach inntuctha duit 1103813
cham 35301113011 31 1031 10 310(1118110, 38115 03 13118 3 eheartughadh
mar 81100 50130111318111111 0 11111131111311111 80313 (10 mhilleadh in
1-31131112 13 0(10301131811 Μ30 Dhia 53 0111300 00513. Na 013001110
38115 03 035 1’381131(111, 113 111’0(1311, 03 (10 511100, 03 (10 5111111,
113 (10 111101, 113 (10 11101183 1113 aghaidh, 30111 131111311 bas don
35-301113 1031 111111581135 51. Α11 0031111310113(111 30111111131 103
010113 (11111 813011 (10 03111113(1 (10 111101111 3811(1; 011 ataid siad
38 ullmhughadh 5118110 113 11031113ᾶο (1111111 3 08130111 Dhe 38115
1113 111011. Α8115 03 03131(1 (10 01 1031111 (11111 31 500 (10 81113(111,
15 (1011111 1010 theid 3 1113111113, <fiir 01 01105100 13111113 d’fhaghbhail
(1111151 31 5011 (1111110 010 (10 (111030111011 (10 1110110 38115 3 chontrardha
510 3 111018111ᾶί 310(1118110 113 0310113(1, 01 15 31(1 03 tindluicthi
313 383(1 31 3 (1110301111111 31 813(111 Ι)1113. Or do-bheirid3 513(1
1111(1111101111 03 11031113ᾶο4 51111131110 (101 30103111 10 130 do-bheirid
513(1 3011111031 113 1018111(11 (11111, 30111311 311011 10 Τ181103103, 10
patientia vestra possidebitis⁵ animas vestras .i. 15 3005 3111
1018111(11 8113111111131 5011111 (11111035 111131 0-30103 1010, 01 1031 81113035
10 1-018111 111 1-131300, 38115 111 10103(111 10 1111101(1, 38115 0131
011031131811035 1116 1-511131 10 (1015811131, 15 11131 510 81113035 1018111111
3111(1118110 3 11310113(1 83011 1103011. Mar phogas 30 (1015811131 5131
3 0110311318111111, (111811151 pog 511113 (10 namhad do ghradhughadh
31 5011 10131(111 03 113151 (10-1111011 (10 10113181115111 (11111 31 3 500.
Corob 3110 510 3(11111113111 10 Τ181103103, 0111181107 101101005 vestros
01 benefacite 11115 qui oderunt vos .i. tabhraidh gradh do⁸ 111131
11311011(111111 38115 denaidh 3111 101131111 3 11-381131(111 10 1111131113,
11311 111353 0011 (4231) (11111 813(111 (10 111311113111 (10 (108 011311(111111
31 500 bidh 38115 0(131811 38115 50011311 10 chuirp, 15 10-1011ό1
(1118111 813(111 (10 111311113111 (10 (108 03101131(1 31 5110011311 38115

¹ Ms. 3

² Ms. 3111113

³ MS. bliciraid

⁴ Ms. 1101113

⁵ Ms. pwsidebitis
⁶ Ms. 0111115 111.

⁷ MS. diligiti

⁸ Ms. (13

