10

25

30

35

218 INSTRL'CTIO PIE VIVENDI

DE EBRIETATE SPIRITUALI .i. DON MHEISCE SPIORADALTA

011 15 0 50 0011000 11111100300 111 3111113, 38115 15 0 111 1-3113111
00011100 5111 00 501110031 001 3 00101001 0’101110300 00 11111110
38115 00 111000111111111300 0’01 113 03100001 11101-11131801 ,1. corp
311 ’1180031113 do tolladh 38115 00 0131001 00 11111110, 1011035 00
11-1000300 111 001501031 81300300 3 03503003 11110 31511 03
000111101111300 0 111005311003001 113 0-01101110113 50, 38115 113
11101501 50101303113 303 11111 0011000 111 3111113 00 1011. Da 1111113
50 311015 00 0-11111031 0001111111 113 005 11301110103 50, 38115 00 10111
00 0013011300 001103 maille re 8111801 80011 50101303113, 38 01
0813 311 0010110031111111315 38115 3001011310111031301113 11111111 3
0103001 113 00151 011, 38115 38 01 111 101113 8010111 35 3 111101031 311
1011151 38115 311 311011801, 38 01 11113 111 8031100300315 38115 311
1-503513 5011103111 3 01030111 113 00151 00151 3113 11111 1311151 113
11003111 38115 000035 111 11131101, 10303100 311 1-3113111 81000300
00110100 311015 0 10111 00 51105300 maille 10 51311111 111311031111318111
0011 111111 113οΠ101113 50 00 0011111350300 10 0-111501 113 11100030013
101111. Ε118100 311 1-31111111 00110180 311015 00 51010300 383
0013011300 10111 00 0-31101300 dochum 113 11111111 111300111οΟ1
11301110103 50, 38 01 3 01030111 113 131111110 011 301 813113011, 38115
30 010111 113 00303011 10 1111 111 0111353 38115 111 803110180101.
Τ1111111110 38115 0011110030 113 81352 3 0103001 113 13111100 00151,
38 01 11113 111 110111 38115 113 5301151 35 3113 009011 313 lein don 111111
8111311 001110350003 do 03110300 duit 3 1011103100 111 Τ1811031113.
Α8115 15 11131 5111 103035 311 1-3113111 81300300 001111 31 311 11101501
000113100 50. Da mucha 50 0 10111 11110 a’ 0011111111180300 00
1353100310 3 01030111 8010101031111 130100, 38 01 11111115 111 00101001
38115 01111135 113 0-11101111110 35 ,1. 1111 111 011101301113 38115 111
511111310118111 8010111, 10013100 50 00110 0011110111113 0011 111001500
0011100 50 011 (0101) 01311030 111001-11131811 50, 38115 0 8000110100
011-3111013 10080103 113 11-1110153111111111801111 113οΠ111003 1100-
10113135000313 50 31113 11-31111115 00 013003 38115 31113 011111350
11131110 115 111 8031100300315 00003100. (3100 11153, 3 3111111 31101300
000113100 10113100 1111 3000031 113 11101501 50101303113 50, 30 511
01 113 01030111 111301110001 50 co milis 531000011 8311 50111, 15 018111

¹ Delete 30
² Ms. ngras
³ Ms. 3

