10

20

30

35

ΕΤ SUPERNA MEDITANDI. 215

DE CONFESSORIBUS¹ ET HUMANITATE CHRISTI .i. DONA

CONFISORIBH2 AGUS DO DHAENNACHT CHRIOSD.

Maseadh, goir na confisoiri 111031101 (101 1011113001, 11131 atei
Martain agus Benidecht 38115 Ν100135 38115 Bernard 38115 8300
11111 0000115011, 3001 80 1311 513(1 3 11(10118005 38115 3 11(10011311
38115 3 011111083οο 38115 3 111011101(1 38115 3 11ᾱο1111111 113 0-011111110
(10310110 50 (10 1011 3 011111) 311ιο3111, 31311 5131 (10 1011 3 511111311111801111
38115 3 101103 38115 3 11-111011531110111180101 3 11311003111111135. Corab
aire sin is inguighthi iad 00 (1111013001300, 31 5011 00130 1 311
8111ό11 5111 (10 81113(11131(131 ό 1005 31(1 3 0101(100(103, 38115 ό ’1311
1111111 311015 00 00113100, (10 (1110113ἰά 513(1 t’fhurtachtsa 1310 1313,
1011(135 co claidhfear do ehorp sein ό 001111108300 38115 ό 8113131
38115 ό (1110118005, 38115 00 108131ᾶο10031 1’11111111111 38115 (10 10011
0011111 113 1111111310101 neamhdha, 38115 00 001111003(13 111 00 101111
111 1-01(1 38115 11380311 111(11531111113180101 50 (10 80300315 00118301.
Leic 111 10111 31 1115 (10 0011111 005 118101111031 (1301130013 (Ξο1105(1
.i. 11003110 38115 01011003111011315, 1308 38115 1111111811 111 11103110
0301110103 50 maille 10 11111110 Μ3(131011 38115 guidh iad4 maille
10 031 13 503011. Α8115 11111311 3 01105 01111 11131110 10 0-0813 01110
3 0010110031111111315. 11111311 3 115 3 01105 (100355 maille 10 (103131οΙ1
(11110130013003 38115 10 buidheachais, 31 (10 5113013ὀο 0113
1111003110 38115 0113 (1000035 011111(10 11111311 38115 008 113 1130111111
00111111130013003 50 3(1011, 38115 111 0-13(15311 118 3 105 311 111111-
1310101 50, 30111 11153 (10 8013113ᾶο 1111011 11131 (10 1111(103(10 Μ11110
1113ᾶ31011, 38115 1110113011 (10 (1001131110 (111 00 110031103011 110113
8135310οθ 5111. 133 1110011003 8311 50111 a’ 813113ᾶο 113 (11011181
so, tiormuidh dot 111011 10111 00 111000111111103011 13(1. Agus 15
31110131ᾶο 11110111151 111 1-1111113(10 50, 801113ᾶο 13100300 111 111111
(10 131113 111 10111, (10 000110 131011151103011 31 0300 11111 0101111803ᾶο
da ndinginta (10. ’1100111180 113 11011110 50 3 11-11111013 38115 3
nduthracht croidhi mar nach (1111811113 13(1, 011 007 1111111103οο
(111801 3 13003111 11311 3 0001110-10310315110300 5111 11131 nach
(1111811113 13(1. Μ3503(10, Ρό8 311 (110118 1130100103 50 eo milis
ar 5011 1113110053 13013 (11113800113118 (11111 1111011, 38115 1300311
1113110 38115 0101180101 81353111013 (10 13013 31 5011 3 111031100353
10111. Deithidigh na naeimh 50 d’ongadh d’olai luachmho'ir

ZMS. 00111οή0115 {Ma 001111 (10 (130111130οῒ
⁵ ΝΜῙΞ. 311111Ξέ dheas. 6111Ξὲ31ἓὲ13311>11

'¹' Ms. omits 00. ⁸ Ms. daghbhail

