10

30

35

ET SUPERNA MEDITANDI . 203

01111111531131811. Α8115 01111 (1111110 018111 03(11311 38115 111 11
11811131111811035 011, 38115 (13 111001(11111 38 0118111 01 1111131(1111,
01111 5035 eadrat2 agus in duine (108111113011 38 13003111
duthrachtaeha (1013 Dhia 111111115 10111. Α11 1311 001(11111 30 (1111
nd 30 1030111 110 38 0101111 0111 110 111111118111114 1031, 113 00118311
111 10111 00 11-1111153 115 113 (131111011 (1110-0110311318111111, 113 115 113
1031101131011 01105 15 111 01(1. Na dena comhnaidhi 1310 (131111011
083 38115 13115 111 1110111 (111031111811035 115 311 ord, 30111 1310 (131111011
31531(111 101111 111 1111(1, ό 10311111 10300050 110 015101111311 1111131111
018111. Bith do ghnath 38 5(1111(1031 38115 30 11111000135 81έ(1113
Ι)1113 38115 113 11-010118111111 budh 50118111 (13 13811011311, 38115
001111111811 00 111111 11131 (10 111 111 1100000 38 10110811 011111115 530111311
(10 (111111 11311 ό 0111131111 1’111111111110. Na bidh 1111111111103135 11101
383(1 115 113 0311103003 (1110113 (10 01101111 31 aighidheacht agad,
oir ni fheadrais cad is 1011 110 15 crabhadh doibh. Na labhair⁶
(58b2) re 101 0011111103(13 111 1-530111311, 38115 (13 11(103111311 maille
re 11-0181111315, 113 01131(11111 11111 10111 113 each, 30111 30311 011311113
01111110 103103 ris. Agus muna 11 (111 53011131 11101 (10 (111011311111,
(10113 111 111 11110135 (111.

DE EUNDO IN VIA ,1. DO DHUL NA SLIGHEADH.
[11111118117 00 11-31111311111 38115 00 (10011311 110311111-1110113113011

35 (10 11111311115111 31113011, 38115 madh 018111 (11111 3 13800311, 13113
0113181111 111 15 111583 113 11131 1003011311. Α8115 dligheadh8 a 11115
(10 01101111 383(1 (10 51111, 8111 111111118119 311 311115031 (10 0113111115
10111110 3111111811 dod 11111311115111, 811130 3110 5111 15 11100111110 (11111
(101181115 11101 011, 131 101815 111011 00 (110111113111 (101 31111511, Α8115
113 (10113 031111111111 11101 111 00111 beidhir amuich, 38115 113 1018 (10
1103011 3 (111οῃ311111 (11111. Ν3 01 31 301131 1310 101 31 (1011111311
011013ὴο111, 38115 113 5111(111 13115 38115 113 13011311 115, 113011 11101113
3(11101131 (10 0113011 01111111 3 11-31111111053, 38115 113 (1031111811 00
013111 10 companaeh mna eile, ar egla 00 111181111 00300131 3831011
5031111311. Α8115 13011311 015101111311 3(1 011113111131011 38115 3(1
0110531011 38115 31 01010 (10 0113011. Α8115 113 (10113 pairt na eumann
10 1110111 311 1-530811311. Α8115 113 (1011111(11811 0011111311Ιο 3011 (1111110
31 101111 01111111 crabhaidh na chum neamh-chrabhaidh‚ 011 31311

1 Ms. adrad 2 Μ5. adrat ³ Ms. do ⁴² Μ5. 11111111111811111

⁵ This reference 10 1110 peacock does 1101 appear in the L. T. 1 some
words are lost 31101· chum. ⁶ Μ5. 13 ⁷ Ms. omits imthigh.

⁸ Μ5. dligi ⁹ Μ5. 11111811 1⁰ Μ5. 101113 3111111811

