10

210 INSTRUCTIO PIE VIVENDI

33115 113611131135 3 1635 di-airmhidhi examhla 31 (10 511011, 3 11136111
33115 3 165, 3 11-06135 33115 3 11·1131(111, 33115 3 mbraithreachaibh
11131153 33115 3 6631331011 (11-311111116, 33115 (10 11111131113 56 311111111111135
3’ 661111111116113(111,1 (6031) 33115 3 6110111131(11136111 3’ 5611111013,
33115 3111115 36 16131115 113 1133131 11-10111(1113, Do rinde (16313
131 (10 6116311(1 maille re 11-3111115 1013. Α3115 (10 11111131113 56
105 111 1-362 113611 11)]13113 33115 6 i' 31113111 131 (10 61163111153 60
13(13 31111, maille 16 1)3503311)11 33115 16 561113116 33115 16 scuirsidhibh
33115 16 6010111 5111116 33115 16 greannughadh agus 16 311053(111
33115 16 56136 33115 16 buaidhreadh 33115 16 11-3111115 33115 16
131111311111 113 61016111 33115 16 5161311 311611 33115 16 111111 5116111111
33115 16 1011111361113(111 33115 16 gruamdhacht 33115 16 6111111133611
111 1111315. Ο (103 11111131113 56 50 60 313(1113611, 113 611111111111311
33115 113 (16113 1111-(111061135 34 11161(1 peacaidh na 11-6336013 (13
11(163111315, 36111 131111311 113 11611116 50 11116 11131 bhudh leat 16111
13(1, ό (103 61101111111111 56 5111 60 11063116611 31 (10 51101153, 11131
31111113111 33115 11131 101-311111011111, 011 15 11111111 50 313 (10 611011131161
33115 (10 6110113611 33115 (10 (111061135 33115 (10 61116161111111 33115 (10
0113133135 11116 33115 1’11111115 33115 (10 111311151 (1111115. Μ3563(111,
3111311 6 16111 (10 51111 111(1111 50, 1011035 60 6011111163(13 56 60 11111615
311 6110611 11(16131111131311 33115 60 11313113(111 56 111 60 11-101111311,111
1311 61161111116061135 13113111 (1011 1-53631131, 60113 1111111 111361111111011
161111 (10 (1110111 56 60 11-1011131613611 131 (10 611631161, 33115 60 11-01133
56 111 11131 013 mhilidh 1113111163111113611 1163111111131 1 11-331131(111
(10 113111113(11 1011(135 113611 11113111)1163(111 656313 111 6111111(111 (13611113
10113(1 11111111 1113 163(11311 56 3 11113613 1161111116 (10 5113(1113(111.
6111311 60 (1111111361113611 3130113611 (101 innsamhlughadh 16111 3
11301·1113113(111 33115 3 1111·11)11101(1 33115 3 1133131 33115 3 11(101131115
33115 3 6111111133611 113 113151 (10 11111131113 (10 Τ111311631113 11111156

¹ Ms. eeimniehadh
2 Ms. 3611

³ Ms. (13

4 Ms. 3111 11161(1

5¹ .. . .
611116 636111111111111161 01 11115 chapter and 1116 whole 01 next chapter, with
115 heading, down 10 33115 ο (111111111361 1135 been 611011601151)7 omitted.

