10

35

206 INSTRUCTIO ΡΙΕ VIVENDI

chroidhi co le'ir‚ 1011(135 co tibhra sin 1111130111 1011110111 (11111
(11113811011311 (10 113001311315 3 105 38115 (13 shealbhughadh 00
11-111111. Α8115 113 01(111 00 111031011103011 (5932) 383 1181118110
50 31 1311000100, 113 31 1111111, 113 31 111 110111111-01111111315, 30111
co 11-113181103011 31 5110011113 011111111 10111. 611130 amhlaidh sin
do 811011311 311 8111118111 50 ;-(10 (111011111011 (1101110311ιο uile do chur
11311 38115 doras do chroidhi do (1111111 00 11131111, 1011(135 113011
130113 111 31 01111 31111 30111 111 1-11113113135 5111113111 50.

DE BEATA VIRGINE ET CONFESSIONE .i. DO MHUIRE
BHEANDUIGHTHI AGUS DON FHAISIDE.

Α8115 31 1115 313 311 Ogh Bheandaighthi 50 1111311313 10111111
83011 11110 (10111110, 38115 313 51 111801118111111 31110311 118113111 38115
31111131] 03111(1-11811031113 1131111031111111315 Dhia. Α8115 15 1 5111
811111811035 111 (101 51111 31 3 001111 1113 5011151 38115 1113 reltaind
11111111118111, 011 313 51 romhaind ina solas 10111111-11105301113011 38115
1113 1011311111 (1110311111181111103011, 38115 110010000310111 51 111 38115
guidhfidh 51 31 (10 511011 1310 11-Α111311 113 11003110 .i. 1310 Dia
113 1κ11111 8110135, 1011(135 00 11(11118113 50 11003110 01153 38115 8111113010
(111111811111313 1015 50135 (10 1113003111 (1111111, 38115 001(11111 11131110
10 105 1310 113 Mac dil 10111 .i. 31 ’11811031113110 1511 CrioscL (10
8113011 dim 111011 10111 00131111 (1113011113 113111151 (10 811311111 113
1103010300, 1011(135 00 513113(11131811 50 3 0110031 10111, 38115 budh
(111111811111313 1015 3 81101110111113111 (11, 38115 15 313 511011 5111 15
(1111811111313 1015 1111153 (10 01101111 (13 11110031 10111, 011 5131100011311111
0113 00031811 03011 3011 1103011 01115 3 nDia maille 115 311 Spioraid
Ν30111111 3111 10--01130111-11111313011,2 (311130 3110 5111 101(1 3113
Spiorad Ν3011111 1 1183011 10113(1 15 1111 1015, 38115 (10 111 s& 111011 (1011
Ρ110301113011 004 8135311111311, 011 111 111013 10111 111011 do (1001131110
(111 od 11131(1111811030111 113 01 01010 10111. 1113503110, 8301153 do
ghuidhi 113 Trinoidi 0011310111 (10-5031111 31 (10 511011, 1011(135 00
11-3111111131(1110 51 (10 5111111 1310 10111. An 1311 13011311 3 113(111113151
111 0110113101] (1013(1113, 1111011 (10 51111111 38115 (10 0003031811 11110,
38115 53111111 00 11013 50101135 38115 1011151 11110111 11131110 10
11-0511111111131811 38115 10 01103(1318110 0101(1111 ό 1113101115110 113 peacaidh
sin. Agus (10113 31111 50111 13151(11 (111111111301113011, 10111135 00
11(1111811015 fircndacht dot aingidheacht 10111, 38115 30311 11131

² ΜΞ. dot ² Ms. ro caen uaireach ³ Ms. a
⁰ Ms. omits co. 1 Ms. eonndjngner

