10

20

30

ET SUPERNA MEDITANDI. 213

60 foighideach lasardhacht fhiuchair i 1193(1111 gach uili
chumhgaeh 3915 9133536111 3915 thriobloid 3915 1113161115116
11131116 16 forbhfhaflti 111611, 011· 15 trid in 511911 1191311111311 111111
11111111(1191 50 1111165 1163611 60 1113111 dochum 113 13631113
111311113113191. Gurab 3116 5111 (1’6151011113111191 Criosd 16111 111
1-511911 50 (10 bheith 111-6110111111111313 0 131116111111 3915 0 9111103111,
11311 (10 311 56 sein 15 111 *(-511911 50 60 1165. Δ61915 111 (111631113
56 111 ’(-511911 50 60 5011111131ος 113 60 506111316111 113 60 (16391-
1311313ἀ11, 36111 (10 11111912 3915 (10 1311611111611 56 111 0113 1111111 (1111115
sein, 3915 (101) 6 1113111 10111113611 113 5119163(111 50 ,1. 111 1-51691
3915 311 611010111 3915 113 tairngedha 3915 113 (Gom) 56111156351113
3915 111 (1013131353 36 3915 111 aigead 3915 111 65311011. Agus 31
511ἰ61116 34 1111111361] 113 5119163ᾶ1153 (10, (10 111315116311 56 3 13111113
3915 3 611053 3915 3 11136011 60 6311616311111311 (10 63611 3611
11111111916355 111 ’[-511911 50. Do 91311 56 113 (131116 60 1631311111311
(10 (111611311111 86313111 3915 11113191111116116 113 5119163011 50 riu,
3915 (13 ngairm 5111 1113 615101111311 16111 1111111, 3915 tue 56 6111163(111
5011311111111113 (1011311 (1061111111 3 111316513113 (1011 615101111311 50.
Maseadh, madh 311 1631 (10 611053 16111 (10 1111111636111 113 51191636111
5111, 91191 3 111311361115311 60 11106111111111113611 3915 313311 11131
50, 3 1511 111111115 1311311119 3(1 (111136111 sein 1116 60 ndeithidighinn
3 11113313ᾱῇ t’fhola naemhtha sein arnam fhurtacht. Creid
311015, 3 (111111116, 31 1361113161, da 11-1311311 50 0 (1113536111 ’63111113
60 1110111160611311 311 Tighearna 311 11311 5111 16111 60 113611111353611
3(1 chroidhi, 3915 3(16313 56 rit, 113 bith 693 311 'oh-„iis ort, aoht
furtachtaigh 3915 gairdigh 3915 (16113 60 1631311111311, 011 3131111151
11131116 rit 1 1163611 11111 thriobloid 3915 3101161560136111. Gurab
aire 5111 9119115 111 firen Dia gan in tribul6id 3915 111 galas 3915
311 1)1131(111163(111 (10 (3111111 de sein co brath, 05 indtu 313151 (10
51111, 3 Τ11191631113, 3 1511 111111115. Maseadh, 0 (10 11111161563111
111 1116, 3 Τ11191631113, 60 1111311311 60 116311111-611019113611 1116, 60
mbeith 56 1113 91311(16361135 (1311111, 10111135 60 6131(1111 ’(11 1116 ό
913131· 3915 11611111-91613113 tu 391111, 3915 113 gabh agum,

1 Ms. gradha

² Ms. ling

³ Ms. domlas

⁴ Ms. ammullach
⁵ ΜΞ. imdes

