10

20

25

30

35

172 INSTRUCTIO PIE VIVENDI

1-5308031. Α8115 111100 311 1315 113 1101100 131111031001, 3001 00110
00001 11111031 00311053, 8111 3111013100 5111 do 1001115180 50 0 10111
do 0110110 1113 Βο13 38 53111111180300 113 1101100 5111013031110311
38115 30 1310315111118113011 113 1101100 11-31111511003. Ο11 03 11100110
50 ag 13113100 810110 111 1-53080311, do fhuicfidh 50 113 0-Ιο0311
00 0111 38 13113100 3 58110513 00 5011, 38115 do 10300300 50 0001111111
113 0111030031811 00 80001130 00 maille re 10111 38115 10 0111000300315,
38115 00 00010315 311011 111οό1 00 31 3 1010031ῑο 38115 31 3
111011001111100 01-10315110151, 38115 00 0001152 303 5011103011 00
0-31101300 001013001300 131 3 11000100 10111 nach 1030130 50
do 0001131110. Τ11053111 00111101180 15 111 311011 5111 31 813011 111111111
311 (1111110 00 10113511180300,3 38115 do 100110 50 0113 0-100313100
10111 111 1311 000 311 100 ri do 0011311ιο 00, 38115 1311110 50 0011011
00 1011031110311 111 1311 000 311 100 3 1003100300. An 1031 00
1110301300 101130 38115 31111 38115 311115031 3 0003513 0’100111511180300
38115 3 101111113101110011 00 10315000300,111 00100 (5331) 1031534
3 11100110 110311 113 11-1110031 311 11111113 003003100 50 00 1011031110311
03 0005300, 011 111 31 5011 8111 111030 111 1-10031 3 1001000311 do
0005300 00, 30111 31 5011 811100 311 1015 10111 3 1001000311. Gurab
aire 5111 30110113111 50, potestatem 03000 ponendi animam 11103111
01 1101111115 51111101101 03111. Νο1110 101111 03111 3 1110, 500 080 pono
03111 01 11011111] 5111110 03111 .i. 313 011111030013 8300313 38115
10010003113 1113111113 383111, 011 111 110300 010 0001135 111’31111111
01111, 3001 1111 10111 383 1113003111 0-1111300 38115 383 80300311
00118310 aris. Gurab 3110 5111 (10 00113100 50 3 11-31111511 0111011
3 101003110 0130010001Γο 03 10003111 10111 00 101001311103006
011111110, 1011035 8111 001111 50 3 0005 00 03111810 0010111801111 15
111 005300 8311 013011300 8311 0110311107 1011035 8111 000111101111
50 311 Lex 38115 1010101018013003 113 131000 38115 113 531111. An
1311 01313031 113 11-0501118 1051111 31 5011 3 10003150 311, 38115
0101311310οΒ Ρ1131 1131 11 00, 38115 311 1311 do 011113111031 38115
00 8001111031 113 1101103103 do 5811153100 00, 38115 00 0111103011
0010311 11803 11131 030300 38115 0010111 501110 1111 3 01103110, 38115
11131 00 1000113031 00 11131 11, 38115 11131 00 0111111 11000 030300
801 11131 0001110111103 01111110100 1111110, 38115 11131 d’aithisigheadar
113 Fairisinigh 15 111 010100 00, 38115 11131 3030013031 00 0101011015

¹ Μ5. 10111 ⁶ Ms. iterus . . . nema . . . sum eam.
² Μ5. (10 000115 ⁶ Ms. 10101311003011
² Μ5. fuaslagughadh ⁷ Ms. udmailli

⁴ Ms. 13153 ⁸ Ms. (1131131011

