10

20

25

30

35

194) INSTRUCTIO PIE VIVENDI

3 101110. Gurab aire 5111 301011· Augustin beth pian ar 311 corp
oir dioghaltar 31 311 (1111110 8111311 (10 1011 3 011οΠ3 (10 11111 50 beo.
Adeir Bernard 113011111, 15 0831 11111 111031111 38115 15 0831 11111 8111115
111 11111011110311111311, 011 15 3(111111131 03813 (10113 ......... 1.
potestates . ..ferg in ti ......... 38115 110 113111111135
..... 111 (10111113111 38115 3 001111111503(111 113 11(1111 38115 011
andfadh laidir agus 0 81111111 111 310113111811 38115 0 ghruamdhaeht

113 1110111111 ........ 38115 10111111 113013 113 111351 isreannda
38115 10 01305 11111111 05111101111 (10 51111 ...... Uch 1 Ι5 03831
11111 . . . 111 phest 0111011111115 38115 in 101110 1015815 ..... 38115

311 105 38115 311 spiorad 38115 311 (1011103011. Is 03831 11111 1031
113 (1010113(1315 1113111131130113, 38115 013 do-bhearadh 311015 111501
(10111 0110311(1 38115 013 do-bhearadh 101131 (101 (10111 511111111111,
1011(135 00 11111113101110001131111 3 11-381131(111 113 031. Is 0831 11111
011111 113 113031 38115 01111111118111 01111131(1111 113 1311111 38115 113 005
38115 11111113 113 513111113 11111111811035 38115 1015815 38115 81101135
38115 011131(11115. Α8115 111111 3 (1110111111111 3831 81110 113011135 113
1113113 50 383 n-eglughadh do 51111 0 51111131ῃο3(111 (111011111ἀο3011
1111100111111111113011, 1111101181ᾶῇ 50 00 10113113011 (1018111ὀο3011 83011
11110 8113131 38115 111131(111103(111 38115 111011131(1 38115 (131(1111111115
38115 (10011131ᾱο 11131110 10 (56b1) gairdeachais 38115 111 111113 115(130111
3180 (10 (1110011131ᾶο30111 113 (10 011111111183011 113 (131ηά118110 (13
80110, 1011(135 co 5030110113 00 50031111131 piano„ 38115 dochuir do-
101110111111 11111111.

DE FELICITATE ETERNA .i. DON CHONACH MHARTHANACH.

11311 (10 11-1111111111181130111 e 00 (10111111111 (10113 11101131811 38115
(10 1110111 113 108113, 38115 313 50 111111531101318111111 (102 03011 3011
1011311 10111111111111 Dia maille 10 11-111011111110 13531(1113 gradhach.
Uair 3(1011 111 ’1181103103 115 111 1101101118 50, 11010111 3 1110111 113
111110311(130111 38115 8311113101 1131111035 111Ἀ1113153 (10 h-ullmhughadh
(1311111 0 111053011 (1011111310, 38115 011ε1000113 Ι)13 (131111151 0 11131
(10 0101311111 m’Athair (13101153, 1011(135 00 0311111(111 511111 38115
co 11-1111130111 511111 31 mo 1111010153 3111 11113111103111111135 sein: oir
(103111001131811 113 simin 11131 81110111 3 113111103111111135 111Ἀ11131
sein. Creid, 3 (111111110 00131) 11101 111 50135 111105 15 111 1011301 3
501115000113 gach 3011 (1111110 11131 81110111. Is 0 311 50135 ss· 3ε1011

¹ MS. mbuaidheochochain
² Ms. da

