’Δ 10

20

30

535

v« ’.ω

ΕΤ SUPERNA MEDITANDI. 217

(10111111111 atei 50 31113 05111913(111 0 ehuig adhbharaibh ,1. 01111111
1011110110 3915 01111111 1111191, 3915 (1001111111 5353191 3915 (1001111111
511111311111911111 3915 (1001111111 11111301113. An chead adhbhar:
do theieheadh dochum 113 03119 03111131131ε1111 .i. Criosd, 0 gach
11111 ehumhgach 3915 91113530111 3915 913131, 011 11131 15 1 111
0113113191 teitheadh 113 mbroc, 15 0 Criosd teitheadh (10-5031111
113 11(131110 1111151311 (10 chmnhgach 3915 (10 511111311311111 3915 (10
ghruamdhacht 3915 (1051311111. Maseadh, 9110 11153, 00111111191
311115 3111 0311310 (101 111013011 3 ndig chriadhamhail 13011111
Chriosd, 313 31113 10113(111 (11111, 31 093 (1115301113 31911111 111
Τ191031113, 011 15 31111 5111 (10 9101111311 111 1-11111115 111311113113011.
An (1313 11-3(1111)1131; 00 103013 0 gach 11111 5113011131 3915
311111111111135 0011111113101110 11111311113113011 (10 (111011311111 311115311,
311111311 3(1011 311 531111, 1100 requies 11103 111 seculum 5001111, 1110
habitabo quoniam 0109 03111 ,1. 15 0 50 11111 0110111111131(111151 110
5309131 113 5309131, 3915 15 31111 31110111100113(1 05 0 (10 11109135.
An treas adhbhar: 011 00111111131(1111 5111 51135 111 h-egal duit 3011
111, 30111 (10 511353(111 00 11-111111 51(11101131113 311115311, 011 15 0 111
1-51111 15 10113(1 (105311, 3915 31131151 11131 50, 1113 5111(11153 ,1. 1113
111301111 05131911111, (10 011οᾱ135 3915 (10 0111111111531135. An
eeathramhadh adhbhar: 002 (6132) 5111113111119111103 co
11100111111111113011 53111113011 111 gradh 10-1111101 (10 111315110311 50
(11111 3 11-31501, 1011(135 00 131011103 co 101135 01103(1113 3 chuirp
ό 511111111111 (10 chroidhi, 011 1111 11103(1 1103011 3 31111111 (10 011111
131 eheand 3 0113130, 30111 Mac 13110 111110 311 931111 1111 10-111110
113 5111 ,1. 3 3113111 (10 011111 131 eheand 3 113111113(1. An cuigeadh
adhbhar: 10111135 co 100111113 co 11100111111111113011 03(1 0 111 50135
1110301 (11111 01111111 (10 51135(13, 011 11103(111 311 0101(1111 5111 (11111 3
mbiadh 3915 3 1111111 3 11(1191. Uch 15 1111115 111 1113(111 5111 1 Agus
15 9011111131 311 (100011 3 Maseadh, 031111 3915 11111, 3 1111311-011313,
3915 113 111 111058311111311, 3 1111311-9113(1113011. Maseadh, cuir do
111101 00 h-ocurach gear do shughadh 113 cneadhi 901111113110
50, 1011(135 00 11-1111111 co 1011 111 1111111 11130111111131 50, (111 15 11311111
0011111111Πῇ11131 11111 00 11-30131111103011, 3915 1101011111 110111111-
111050311111311 3013111ᾶο3011 001131011 11311111.

1 Ms. a
² Ms. 005

