10

15

20

25

30

ΕΤ SUPERNA MEDITANDI. 123

laithi 33115 03 0-311050313 10-(10101003100 1110110311 35 30 1103011100
30 11003031110, 011 3300 1311 011 103 10001031ᾶο 15 31111111 3
01131003110 1 0. Denaid na firein gairdiughadh 33115 5110030035 ar
son 03 0-1110013 33115 10 1-53010311 30131103130 110 1005311 33
1100111011 311011301, 33115 33 5030003 10 0003031110 33115 3300
11οο1110013 (131 1011110311131, 01 3300 100111 110 13110030 33115 (10
bhliadhnaibh 11103110 doibh mar 50, 15110 1001111 510 110110313010031
33115 1003ᾰηὶ3010031 3 11001010101. 10 130 1300311 110 0031101100
03 310111 510, 3(1013111 maille 10 3311(10300315 10001 1031 31111003111
Β31001110, 101311 51110115 pro diebus quibus nos humiliasti: annis
quibus vidimus 10313 ,1. 1031110131 331111030035 ar son 03 13110030
31 111011111130 111 5100, 33115 31 500 032 100113(1003 a 13031031
03. 0-11110, 33115 130031ᾶο 10 (10113015 33115 10 1-3031003(10 11310,
33115 130010111 3 1131100100035 Ι)00 do 30300311 3311111301οἰ 33115
310111 (10 301035. Da 1110311 50 dot uigh 00 11111013001300, 01
100115000031 (10 001311101 31 500 1311 (10 1100011100130013 03 011135
(10 1-53010311, 03 1103101Ιο do 0003103110, 01 011 0011131110 5301031,
33115 ni sada 31105031, 33115 010-31(1000503011 011311οη3 (131311 na
da (1011301 0 13301031 000300 03 310111 003010ἀο3. Α3115 0110
3 (100110010 33311 00100 130 0003100 00111011 103 (10 100300315
(10 001000 15 03 0011011 00110100 50 (4301) 100131011, 33115 00110
(10-3011131511 000331111 10(111 30 13003111 113 001100 50 (101 3110
00 0031110-000111111300 0 501111100 10111103003110 (10 001011101,
1001135 00 0011000311311 1111 113 001100 50 1011 1010 0 03011 11111 10001.
Cuir in ³ 100300310 50011 515 311015 .i. do 3001003100310 1103111130101
003100-30130, 333(11 0100111303ὀο sein 00 firindeach. Cuir in
100300310 50131 30015 110 (1005 .i. 003100-001130 110 00111 1 03300
11111 01, 30 5101131003110 110 0011001 (1001010130. Cuir in 100300310
1113130 don 10110 0011 .i. 0013 pian 111100 (10 000110 011 3311 50111.
Cuir in 100300310 00 dhes suas .i. 5300111303ἀο 03 3101110031001103
011 001011101 00 0-10111130. Α3115 (1003 0001003111οἰ 100311030300
15 10 010100 50 33115 0003311 00 (1310310 113, 011 011100 13000 113
10001311 mar 50, 3111030000031 3 1131100310011354 Dhe. Corob
aire 510 103(13130 3 13ᾱο 1031110 10 0-10111100 1353100310 1031

35 3(1011 1331001110 15 10 1-53110, confige timore 1110 031005 meas,

¹ Ms. an amnadh
² Μ5. 113 na

³ Ms. omits in

⁴ Μ5. flaithamnas

