10

30

35

226 INSTRUCTIO PlE VIVENDI

113 111111111101111 10-111110131 50 11103(111 (1311111 3111 0003010300 mhi-
dhingmhala, 11311 15 (1011110111 111 111 313 dobhraingeach (131111153
3915 (10 0300 3011 110300, co 11111 50 5003111013ςο (1111151, 31 5011
91130 agad 10111 313 each 111Ιο 110311 3915 0111110301113, 3915
011131) (11111 5011001515 111 (10-91111011111 3915 111 so-ghniomh. A

Dhia ro—throcairigh, ni 1111111 301111153 3001 (13 11101111111 .i. 311
corp 00001 502 3915 311 1-3113111, 3915 15 103153 10111 13(1 313011,
011 (1113 Α11131153 13(1. Maseadh, 3 1)013 10-111111115, (1111911113131151
(10 11011110 10111 (10 ghabhail chugad .i. mo chorpsa 3915 m'anam,
3915 113 01111 011111113003111 agad do 500100 10111 (10 91300311
chugad 00 firindeach, oir is (1011110111 00130 11153 (10 chruthuigh
00 110011110300 13(1 110(1 11103110153100 (10-111(]15(11 10111 11131 3(1011.
Is 111 d'athchruthuigh 00 00311(1111ςο101 13(11 3915 15 111 (10
fhulaing 00 foighideaeh iad ina peacaigh, 3915 15 111 (10 1031131ος
co 11003110300 0113 peacaigh 13(1 3 115, 3915 15 111 (10 1111001111ἀο
00 1111115 dochum do 5001100151 10111 iad, 3915 15 111 (10 100300150
3915 (10 chengail 00 0311(10311111311 dod ghradh 10111 13(1, 3915
15 111 (10 ullmhuigh 00 0-3100503011 111 ghloir 5011103111 (10100.
Μ3503ᾶο, 3 Dhia 3915 3 Thighearna, 101130013191 111151 311015,
011 111 101111 foghnamh orm 31 0911315. Ueh! 3111 Dhia 10111,
101130013191 1110 0001(100111 go 93010300, 3915 001111003ἀ 00
11003110300 (10 10011 10111 111(11111153, 3915 113 1101100 (10 00111115
111(111111 11110. Tarraing 1131111 00 1100311000 03011 111 15 1111-10011
1031 10111 3915 (10 111 1110001(1 (13111053, 3915 0110000111ὀο 00 gradhach
13 (1001103ᾶο 113 11011110 313 (1’035031(10 0111153. Α Mhaith
10-11101115, 1300311 (13111053, tred 111113110035 (10-111111501 10111,
00 1111001 3915 00 11-31101119101 113 1113110035 (10-311111110 11103(111
(131110 10111 00 11-3013111(10300, 1011(135 00 1111111153 9131011913ἀο
511 1131113 11110135 dochum gloiri 3915 (1001111111 1110113 (1111151 3915
(1001111111 51311111 111’311111353, 15 11131100311111 (10111 001011131011 3915
(1001111111 531(11100115 113 ndeigh-oibrighthi 3915 113 5110031100
3915 (1001111111 meaduighthe in duthrachta 3915 111 0111301131(111.
’1300311 (1311111 311015 004 1111115 110031103011 13003111 3915
111010300300 3915 010310011ςο3(Ῑο5 (111 10111 3915 0101111110 111(1111
00 firindeach 101110 10101311, 1011(135 00 {eada 1110 103001 chugadsa
13 (1001103ἀο 011 0031031(111 111113101110300 3915 011 035

² Ms. romhorsa ² Ms. 53 ⁸ Ms. (1110 1311111353
⁴ Μ5. commilis ⁵ Μ5. breathughadh

